67 119 119 119 119 67 119 119 119 119 119 119 119 119 67 119 119 67 119 119 119 119 119 119 119 119 119 119 119 119 119 119 119 67 119 119 119 119 119 119 119 119 119 119 67 119 119 119 119 119 
119 119 119 119 119 119 67 119 119 67 119 119 119 119 119 119 119 119 119 119 119 119 119 67 119 119 119 119 119 119 119 119 119 119 119 119 67 119 119 119 119 119 119 119 119 119 119 119 67 119 
119 0 0 0 0 119 119 119 119 119 119 67 119 119 119 119 119 119 119 67 119 119 119 119 119 119 119 119 119 67 119 119 119 119 119 119 119 119 119 119 67 119 119 255 119 255 119 119 119 119 
67 0 0 0 0 253 119 119 119 119 119 119 119 119 119 119 119 119 119 119 119 119 119 119 154 154 154 119 119 119 119 119 67 119 119 119 119 119 119 119 119 119 119 65 66 67 119 119 119 119 
119 0 0 0 0 31 31 31 31 31 31 31 31 31 31 31 31 31 31 31 31 31 31 31 154 120 154 31 31 31 31 31 31 31 31 31 31 31 31 31 31 31 31 89 90 91 119 254 119 119 
119 0 0 0 0 253 119 119 119 119 119 119 119 119 119 119 119 119 119 119 119 119 119 119 154 154 154 119 119 119 119 119 119 119 119 119 119 119 119 119 119 119 119 110 111 112 119 67 119 119 
119 0 0 0 0 119 119 67 67 119 119 67 119 67 119 119 67 119 119 67 119 119 119 119 119 39 119 119 119 67 119 67 119 119 67 119 119 119 67 119 119 67 119 255 119 255 119 119 119 119 
119 119 119 119 119 67 119 119 119 119 119 119 119 119 67 119 119 119 119 119 119 67 119 119 299 39 299 119 119 119 119 119 119 119 119 119 119 67 119 119 119 119 119 119 119 119 119 119 119 67 
119 67 119 119 119 119 255 199 199 199 199 199 199 199 199 199 199 199 199 199 199 199 199 199 200 39 198 199 199 199 199 199 199 199 199 199 199 199 199 199 199 199 199 199 199 199 199 199 199 199 
199 199 199 199 199 199 200 119 119 119 119 67 119 119 119 119 119 119 67 119 119 119 260 261 200 39 198 331 332 333 96 96 96 96 96 96 96 96 96 96 96 96 96 96 96 96 96 96 96 96 
119 119 119 119 67 119 119 119 67 67 119 119 119 67 119 119 67 119 67 119 119 67 267 268 200 39 198 96 96 96 96 96 116 116 96 96 96 116 96 96 96 96 96 96 96 96 96 96 116 96 
67 119 119 119 67 67 119 119 119 119 67 119 119 67 119 119 119 119 119 67 67 119 119 119 200 39 198 96 96 96 96 96 96 96 96 96 96 96 96 96 96 96 96 96 116 96 96 96 96 96 
119 119 119 67 119 119 30 31 31 31 31 31 31 31 31 31 31 31 32 119 119 119 119 119 200 39 198 96 116 96 96 96 96 116 96 96 96 96 96 96 116 96 96 96 96 96 96 96 96 96 
119 119 119 119 119 119 39 182 183 183 183 183 183 183 183 183 183 184 39 119 119 67 67 119 200 39 198 96 96 96 96 116 96 96 96 96 96 96 96 96 96 96 96 96 96 96 297 298 96 96 
67 119 119 119 67 119 39 198 153 153 153 153 153 153 153 153 153 200 39 119 119 119 119 119 200 39 198 96 96 96 96 96 96 96 96 96 96 96 116 96 96 96 96 96 96 96 312 313 96 96 
119 119 67 119 119 119 39 198 154 320 321 322 153 320 321 322 153 200 39 119 119 119 119 119 200 39 198 96 96 96 96 116 96 96 96 116 96 96 96 96 96 96 96 96 96 96 96 96 96 96 
119 119 119 119 119 119 39 198 153 343 344 345 153 343 344 345 153 200 39 119 119 119 119 119 200 39 198 96 116 96 96 96 96 96 96 96 96 96 96 96 96 96 96 96 116 96 96 96 96 96 
119 119 119 119 67 119 39 198 153 153 154 153 153 153 154 153 153 200 39 119 119 119 119 119 200 39 198 96 96 96 96 96 96 96 96 96 96 96 96 116 96 96 96 96 96 96 96 96 96 96 
67 119 67 119 119 119 39 198 153 153 154 154 153 153 153 153 153 200 39 119 67 119 67 119 200 39 198 96 254 184 96 96 116 96 116 96 96 96 96 96 96 96 334 253 96 253 336 96 96 96 
119 67 119 119 119 119 39 198 153 154 153 154 153 153 153 153 153 200 39 119 119 119 119 119 200 39 198 96 184 30 96 96 96 96 96 96 116 96 96 195 196 196 196 197 39 195 196 196 196 196 
119 119 119 119 119 67 39 198 153 317 318 319 153 317 318 319 153 200 39 119 119 119 119 119 200 39 198 96 184 39 185 186 186 186 186 186 186 186 186 187 119 119 119 255 39 255 119 119 119 255 
119 119 119 67 119 119 39 198 153 340 341 342 153 340 341 342 153 200 39 119 119 119 119 119 184 39 182 96 184 39 182 119 119 119 119 119 119 119 67 119 119 119 119 119 39 119 119 119 119 198 
119 119 119 67 67 119 39 198 153 153 154 153 154 153 153 153 153 200 39 119 67 119 119 67 184 39 182 96 184 39 182 67 119 119 67 119 119 119 119 119 119 119 119 119 39 119 119 67 119 198 
119 67 119 119 119 119 39 198 153 153 153 153 154 153 153 153 153 200 39 119 119 119 119 119 184 39 182 96 184 39 182 119 119 119 119 119 119 67 119 119 119 67 119 119 39 119 119 119 67 198 
119 119 119 119 119 119 39 198 153 154 153 153 153 153 154 154 153 200 39 119 67 119 67 119 184 39 182 255 184 39 182 119 119 119 119 119 119 119 119 119 119 119 119 119 39 119 119 119 119 198 
119 119 119 67 119 119 39 198 153 314 315 316 153 314 315 316 153 200 39 119 119 119 119 119 184 39 182 183 184 39 182 119 119 67 119 119 119 119 119 119 119 119 119 119 39 119 119 119 119 198 
119 119 119 119 119 119 39 198 153 337 338 339 153 337 338 339 153 200 39 119 119 67 119 119 184 43 31 31 31 45 182 119 119 119 119 67 119 119 67 67 119 119 119 119 39 119 119 67 119 198 
67 119 119 67 119 119 39 198 153 154 153 153 154 154 153 154 153 200 39 67 119 119 67 119 254 229 229 229 229 229 254 119 119 119 119 119 67 119 119 119 119 119 262 263 39 119 119 119 119 198 
119 67 119 119 119 119 39 198 153 153 153 153 153 153 153 153 153 200 39 253 119 119 67 119 119 119 119 119 119 119 119 119 119 119 119 119 119 119 119 119 67 119 269 270 39 119 67 119 119 198 
119 119 119 119 119 67 39 198 153 153 334 335 329 335 336 153 153 200 43 31 31 31 31 31 31 31 31 31 31 31 31 31 31 31 31 31 31 31 31 31 31 31 31 31 45 299 119 119 119 198 
119 119 67 119 119 119 39 198 153 153 153 153 153 153 153 154 153 253 199 199 199 199 199 199 199 199 199 199 199 199 199 199 199 199 199 199 199 199 199 199 199 199 199 199 199 199 199 199 199 253 
119 119 119 67 119 119 39 198 153 154 153 153 153 154 153 153 153 153 154 153 153 153 153 153 153 154 154 153 153 153 153 153 153 153 154 153 153 154 153 153 153 153 153 154 153 153 153 153 153 153 
119 119 119 67 119 119 39 198 153 153 153 154 154 153 153 153 154 153 153 153 153 153 154 153 153 153 153 153 153 154 153 153 153 154 153 153 153 153 153 154 153 153 153 153 153 154 153 153 154 153 
119 119 119 119 119 67 39 198 199 199 199 199 199 199 199 199 199 199 199 199 199 199 199 199 199 199 199 199 199 199 199 199 199 199 199 199 199 199 199 199 199 199 199 199 199 199 199 199 199 199 
119 67 119 67 119 119 43 31 31 31 31 31 31 31 31 31 31 31 31 31 31 31 31 31 31 31 31 31 31 31 31 31 31 31 31 31 31 31 31 31 31 31 31 31 31 31 31 32 119 67 
119 119 119 119 119 119 119 119 119 119 119 119 119 119 119 119 119 119 119 119 119 119 67 67 119 119 119 119 119 119 119 119 119 119 119 119 119 119 119 119 119 119 119 119 119 119 253 39 119 119 
119 119 119 119 119 67 119 119 119 119 119 119 67 119 119 119 119 119 119 119 67 119 119 119 119 119 119 119 67 119 119 119 119 67 119 119 67 119 119 67 67 119 119 119 67 119 119 39 67 119 
67 67 119 67 119 119 119 67 119 119 119 119 119 119 119 119 67 119 119 119 119 119 67 119 119 119 119 119 119 119 119 119 119 119 67 119 119 119 119 119 119 119 119 119 119 119 119 39 119 119 
119 119 119 119 119 119 119 67 119 119 119 119 119 119 119 119 119 119 119 119 119 119 119 119 67 119 67 119 119 119 67 119 119 119 119 119 119 119 119 67 119 119 119 119 119 119 119 39 119 119 
119 119 119 67 119 119 119 119 119 119 119 119 119 119 119 119 67 67 119 119 119 119 119 119 119 119 119 119 119 119 119 119 119 119 119 119 119 119 119 119 119 67 119 119 119 67 119 39 119 119 
188 189 190 190 190 190 190 190 190 190 190 190 190 190 190 190 190 190 190 190 190 190 190 190 190 190 190 190 190 190 190 190 190 190 190 190 190 190 190 190 190 190 190 190 190 190 191 39 119 67 
139 139 139 139 118 118 139 139 118 139 139 139 139 139 139 139 139 139 139 139 139 118 139 139 139 139 139 139 118 139 139 139 139 139 139 139 139 139 139 139 139 139 139 139 139 118 191 39 119 119 
139 118 139 139 139 139 139 139 139 139 139 139 139 139 118 139 139 139 118 139 139 139 139 118 139 139 139 139 139 139 139 139 118 139 139 139 139 118 139 139 139 139 139 139 139 139 191 39 119 119 
139 139 139 139 118 139 139 139 118 139 139 118 139 139 139 139 139 139 139 139 139 139 139 139 139 139 139 139 139 139 118 139 139 139 139 139 139 139 139 139 139 139 118 118 139 139 191 39 67 119 
188 189 189 189 190 190 191 139 139 139 139 139 139 139 118 139 139 118 139 139 139 139 118 139 139 118 139 139 139 139 139 139 139 139 139 139 118 139 139 139 118 139 139 139 139 139 191 39 119 67 
0 0 0 0 0 0 191 139 139 118 139 118 139 139 139 139 139 139 139 118 139 139 139 139 139 118 139 139 118 139 188 189 189 189 189 189 189 189 189 189 189 189 189 189 189 190 191 39 119 119 
147 0 218 219 220 0 191 139 139 139 118 139 30 31 31 31 31 31 31 31 31 31 31 31 31 31 31 31 31 31 31 31 31 31 31 31 31 31 31 31 31 31 31 31 31 31 31 45 299 119 
147 0 221 222 223 0 0 1 31 31 31 31 45 119 119 119 119 119 67 119 119 119 67 67 119 119 119 119 119 119 119 119 67 119 119 119 67 119 119 119 119 119 119 119 67 119 119 299 253 119 
147 0 224 225 226 0 191 119 119 119 119 119 119 119 119 119 67 119 67 119 119 119 67 119 119 67 119 119 119 67 119 119 119 119 119 119 119 119 67 119 119 119 119 119 67 119 119 119 67 67 
0 0 0 0 0 0 191 119 119 67 119 119 119 119 67 119 67 119 119 119 67 119 119 119 119 119 119 119 67 119 119 119 119 67 119 119 119 119 119 67 119 67 119 119 67 119 119 67 119 119 
