140 140 140 140 140 140 140 140 140 140 140 140 140 140 140 140 140 140 140 140 140 140 140 140 140 140 140 140 140 140 140 140 140 140 140 140 140 140 140 140 140 140 140 140 140 140 140 140 140 140 
140 140 140 140 140 140 140 140 140 140 140 140 140 140 140 140 140 140 140 140 140 140 140 140 140 140 140 140 140 140 140 140 140 140 140 140 140 140 140 140 140 140 140 140 140 140 140 140 140 140 
140 140 140 140 140 140 140 140 140 140 140 140 140 140 140 140 140 140 140 140 140 140 140 140 140 140 140 140 140 140 140 140 140 140 140 140 140 140 140 140 140 140 140 140 140 140 140 140 140 140 
140 140 140 140 140 140 140 140 140 140 140 140 140 140 140 140 140 140 140 140 140 140 140 140 140 140 140 140 140 140 140 140 140 140 140 140 140 140 140 140 140 140 140 140 140 140 140 140 140 140 
140 140 140 140 140 140 140 140 140 140 140 140 140 140 140 140 140 140 140 140 140 140 140 140 140 140 140 140 140 140 140 140 140 140 140 140 140 140 140 140 140 140 140 140 140 140 140 140 140 140 
140 140 140 140 140 140 140 140 140 140 140 140 140 140 140 140 140 140 140 140 140 140 140 140 140 140 140 140 140 140 140 140 140 140 140 140 140 140 140 140 140 140 140 140 140 140 140 140 140 140 
140 140 140 140 140 140 140 140 140 140 140 140 140 140 140 140 140 140 140 140 140 140 140 140 140 140 140 140 140 140 140 140 140 140 140 140 140 140 140 140 140 140 140 140 140 140 140 140 140 140 
140 140 140 140 140 140 140 140 140 140 140 140 140 140 140 140 140 140 140 140 140 140 140 140 140 140 140 140 140 140 140 140 140 140 140 140 140 140 140 140 140 140 140 140 140 140 140 140 140 140 
140 140 140 140 140 140 140 140 140 140 140 140 140 140 159 196 196 196 196 196 196 196 196 196 196 196 196 196 196 196 196 196 196 140 140 140 140 140 140 140 140 140 140 140 140 140 140 140 140 140 
140 140 140 140 140 140 140 140 140 140 140 140 140 140 196 197 204 205 253 119 119 119 119 119 119 119 119 119 119 253 204 205 195 196 140 140 140 140 140 140 140 140 140 140 140 140 140 140 140 140 
140 140 140 140 140 140 140 140 140 196 196 196 196 196 197 253 206 207 119 119 119 119 119 119 119 119 119 119 119 119 206 206 253 195 196 196 196 196 196 140 140 140 140 140 140 140 140 140 140 140 
140 140 140 140 140 140 140 140 140 197 212 213 119 119 119 119 119 119 119 119 119 119 119 119 119 119 119 119 119 119 119 119 119 119 119 119 212 213 195 140 140 140 140 140 140 140 140 140 140 140 
140 140 140 140 140 140 140 140 140 197 214 215 119 119 119 119 119 119 119 119 119 119 119 119 119 119 119 119 119 119 119 119 119 119 119 119 214 215 195 140 140 140 140 140 140 140 140 140 140 140 
140 140 140 140 140 140 140 140 140 197 119 119 119 119 119 119 119 119 119 119 119 119 119 119 119 119 119 119 119 119 119 119 119 119 119 119 119 119 195 140 140 140 140 140 140 140 140 140 140 140 
140 140 140 140 140 140 140 140 140 197 119 119 119 119 119 119 119 119 119 119 119 119 119 119 119 119 119 119 119 119 119 119 119 119 119 119 119 119 195 140 140 140 140 140 140 140 140 140 140 140 
140 140 140 140 140 140 140 196 196 197 119 119 119 119 119 119 119 119 119 119 119 119 119 119 119 119 119 119 119 119 119 119 119 119 119 119 119 119 195 196 196 140 140 140 140 140 140 140 140 140 
140 140 140 140 140 140 140 197 204 205 119 119 119 119 119 119 119 119 119 119 119 119 119 119 119 119 119 119 119 119 119 119 119 289 290 291 119 119 255 255 195 140 140 140 140 140 140 140 140 140 
140 140 140 140 140 140 140 197 210 211 119 119 119 119 119 119 119 119 119 119 119 119 119 119 119 119 119 119 119 119 119 119 119 304 305 306 119 119 119 255 195 140 140 140 140 140 140 140 140 140 
138 138 138 138 140 140 140 197 119 119 119 119 119 119 119 119 119 119 119 119 119 119 119 119 119 119 119 119 119 119 119 119 119 119 119 119 119 119 119 119 195 140 140 140 140 140 140 140 140 140 
195 196 196 196 196 196 196 197 119 119 119 119 119 119 119 119 119 119 119 119 119 119 119 119 129 119 119 119 119 119 119 129 119 119 119 119 119 119 119 119 195 140 140 140 140 140 140 140 140 140 
328 329 329 329 329 329 329 330 255 119 119 119 119 119 119 119 119 119 119 119 119 129 119 119 119 129 129 119 119 119 129 119 119 129 119 119 119 119 119 119 195 140 140 140 140 140 140 140 140 140 
119 119 119 119 119 119 119 119 119 119 119 119 119 119 119 119 119 119 119 119 129 129 119 119 119 129 119 129 119 119 129 129 129 119 119 119 119 119 297 298 195 140 140 140 140 140 140 140 140 140 
119 119 119 119 119 119 119 119 119 119 119 119 119 119 119 119 119 119 119 119 119 129 129 119 129 129 129 129 129 129 129 119 119 119 119 119 119 119 312 313 195 196 140 140 140 140 140 140 140 140 
119 119 119 119 119 119 123 119 119 119 119 119 123 119 119 119 119 119 123 119 119 119 129 129 129 129 129 129 129 119 129 119 227 228 229 230 231 119 119 119 253 195 196 196 196 196 196 196 196 196 
119 119 119 123 123 123 123 123 119 123 123 123 123 123 119 123 123 123 123 123 119 119 129 129 129 129 129 129 129 129 129 119 232 233 234 235 236 119 119 119 119 119 119 119 119 119 119 119 119 119 
119 119 119 119 119 119 123 119 119 119 119 119 123 119 119 119 119 119 123 119 119 119 119 129 129 129 129 129 129 129 129 129 237 238 239 240 241 119 119 119 119 119 119 119 119 119 119 119 119 119 
119 119 119 119 119 119 119 119 119 119 119 119 119 119 119 119 119 119 119 129 119 119 129 129 129 129 129 129 129 129 119 119 242 243 244 245 246 119 119 119 253 195 196 196 196 196 196 196 196 196 
119 119 119 119 119 119 119 119 119 119 119 119 119 119 119 119 119 119 119 119 129 129 119 129 129 129 129 129 129 129 129 129 119 119 119 119 119 119 297 298 195 140 140 140 140 140 140 140 140 140 
328 329 329 329 329 329 329 330 255 119 119 119 119 119 119 119 119 119 119 129 119 119 119 119 129 119 119 119 119 119 129 129 119 119 119 119 119 119 312 313 195 140 140 140 140 140 140 140 140 140 
195 196 196 196 196 196 196 197 119 119 119 119 119 119 119 119 119 119 119 119 119 119 119 129 119 119 119 119 119 129 129 119 119 129 119 119 119 119 119 119 195 140 140 140 140 140 140 140 140 140 
140 140 140 140 140 140 140 197 119 119 119 119 119 119 119 119 119 119 119 119 119 119 119 119 119 119 119 119 129 119 119 129 119 119 119 260 261 119 119 119 195 140 140 140 140 140 140 140 140 140 
140 140 140 140 140 140 140 197 119 119 119 119 119 119 119 119 119 119 119 119 119 119 119 119 119 119 119 119 119 119 119 119 119 119 119 267 268 119 119 119 195 140 140 140 140 140 140 140 140 140 
140 140 140 140 140 140 140 197 204 205 119 119 119 119 119 119 119 119 119 119 119 119 119 119 119 119 119 119 119 119 119 119 119 119 119 269 270 119 119 255 195 140 140 140 140 140 140 140 140 140 
140 140 140 140 140 140 140 197 210 211 119 119 119 119 119 119 119 119 119 119 119 119 119 119 119 119 119 119 119 119 119 119 119 260 261 119 119 119 255 255 195 140 140 140 140 140 140 140 140 140 
140 140 140 140 140 140 140 140 196 197 119 119 119 119 119 119 119 119 119 119 119 119 119 119 119 119 119 119 119 119 119 119 119 267 268 119 119 119 195 196 196 140 140 140 140 140 140 140 140 140 
140 140 140 140 140 140 140 140 140 197 119 119 119 119 119 119 119 119 119 119 119 119 119 119 119 119 119 119 119 119 119 119 119 269 270 119 119 119 195 140 140 140 140 140 140 140 140 140 140 140 
140 140 140 140 140 140 140 140 140 197 119 119 119 119 119 119 119 119 119 119 119 119 119 119 119 119 119 119 119 119 119 119 119 119 119 119 119 119 195 140 140 140 140 140 140 140 140 140 140 140 
140 140 140 140 140 140 140 140 140 197 119 119 119 119 119 119 119 119 119 119 119 119 119 119 119 119 119 119 119 119 119 119 119 119 119 119 119 119 195 140 140 140 140 140 140 140 140 140 140 140 
140 140 140 140 140 140 140 140 140 197 204 205 119 119 119 119 119 119 119 119 119 119 119 119 119 119 119 119 119 119 119 119 119 119 119 119 204 205 195 140 140 140 140 140 140 140 140 140 140 140 
140 140 140 140 140 140 140 140 140 197 206 207 119 119 119 119 119 119 119 119 119 119 119 119 119 119 119 119 119 119 119 119 119 119 119 119 206 207 195 140 140 140 140 140 140 140 140 140 140 140 
140 140 140 140 140 140 140 140 140 253 196 196 196 196 196 253 212 213 119 119 119 119 119 119 119 119 119 119 119 119 212 213 253 195 196 196 196 196 196 140 140 140 140 140 140 140 140 140 140 140 
140 140 140 140 140 140 140 140 140 140 140 140 140 140 140 197 214 215 253 119 119 119 119 119 119 119 119 119 119 253 214 215 195 196 140 140 140 140 140 140 140 140 140 140 140 140 140 140 140 140 
140 140 140 140 140 140 140 140 140 140 140 140 140 140 140 196 196 196 196 196 196 196 196 196 196 196 196 196 196 196 196 196 196 140 140 140 140 140 140 140 140 140 140 140 140 140 140 140 140 140 
140 140 140 140 140 140 140 140 140 140 140 140 140 140 140 140 140 140 140 140 140 140 140 140 140 140 140 140 140 140 140 140 140 140 140 140 140 140 140 140 140 140 140 140 140 140 140 140 140 140 
140 140 140 140 140 140 140 140 140 140 140 140 140 140 140 140 140 140 140 140 140 140 140 140 140 140 140 140 140 140 140 140 140 140 140 140 140 140 140 140 140 140 140 140 140 140 140 140 140 140 
140 140 140 140 140 140 140 140 140 140 140 140 140 140 140 140 140 140 140 140 140 140 140 140 140 140 140 140 140 140 140 140 140 140 140 140 140 140 140 140 140 140 140 140 140 140 140 140 140 140 
140 140 140 140 140 140 140 140 140 140 140 140 140 140 140 140 140 140 140 140 140 140 140 140 140 140 140 140 140 140 140 140 140 140 140 140 140 140 140 140 140 140 140 140 140 140 140 140 140 140 
140 140 140 140 140 140 140 140 140 140 140 140 140 140 140 140 140 140 140 140 140 140 140 140 140 140 140 140 140 140 140 140 140 140 140 140 140 140 140 140 140 140 140 140 140 140 140 140 140 140 
140 140 140 140 140 140 140 140 140 140 140 140 140 140 140 140 140 140 140 140 140 140 140 140 140 140 140 140 140 140 140 140 140 140 140 140 140 140 140 140 140 140 140 140 140 140 140 140 140 140 
140 140 140 140 140 140 140 140 140 140 140 140 140 140 140 140 140 140 140 140 140 140 140 140 140 140 140 140 140 140 140 140 140 140 140 140 140 140 140 140 140 140 140 140 140 140 140 140 140 140 
