118 118 140 140 117 140 140 140 118 140 140 140 117 140 140 140 140 140 140 140 140 140 140 140 140 140 140 140 140 140 140 140 140 140 140 140 140 140 140 140 117 140 140 140 140 134 140 140 140 140 
118 140 140 140 140 118 118 140 140 117 140 140 140 140 242 242 242 242 242 242 242 242 242 242 242 242 242 242 242 242 242 242 242 242 242 242 242 242 140 140 140 140 140 140 117 117 118 140 134 140 
140 140 117 118 140 140 140 117 140 242 242 242 242 242 242 119 119 119 119 119 119 334 0 0 0 0 0 336 119 119 119 119 119 119 119 119 119 242 242 140 140 140 140 118 140 117 118 117 140 140 
140 140 140 134 140 140 140 242 242 242 119 119 119 119 119 119 119 119 119 119 119 334 0 0 0 0 0 336 119 119 119 119 119 119 119 119 119 119 242 242 140 117 134 134 134 118 140 140 134 140 
140 118 118 140 140 134 242 242 119 119 119 119 119 119 119 119 119 119 119 119 119 334 0 0 0 0 0 336 119 119 119 119 119 119 119 119 119 119 119 242 140 140 118 140 140 117 140 134 140 140 
140 140 140 117 140 140 242 119 119 119 119 119 119 119 119 119 119 119 119 119 119 253 119 119 39 119 119 253 119 119 119 119 119 119 119 119 119 119 119 242 242 140 140 140 134 117 117 118 140 140 
118 117 140 118 140 242 242 119 119 119 119 119 119 119 119 119 119 119 119 119 119 119 119 119 39 119 119 119 119 119 119 119 119 119 119 119 119 119 119 119 242 242 242 140 140 140 140 140 140 118 
140 140 140 117 140 242 119 119 119 119 119 119 119 119 119 119 119 119 119 119 119 119 119 35 39 32 119 119 119 119 119 119 119 119 119 119 119 119 119 119 119 119 242 242 140 140 134 134 140 140 
140 134 140 140 242 242 119 30 37 37 37 37 37 37 37 37 37 37 37 37 37 37 37 37 40 37 37 37 37 37 37 37 37 37 37 37 37 37 37 37 32 119 242 242 140 140 118 140 140 140 
140 140 140 242 242 119 119 39 254 119 119 119 119 119 119 119 119 119 119 119 119 119 119 43 39 45 119 119 119 119 119 119 119 119 119 119 119 119 119 253 39 119 119 242 242 118 140 134 118 134 
140 140 140 242 119 119 119 39 119 119 119 119 119 119 119 119 119 119 119 119 119 119 119 47 39 49 119 119 119 119 119 119 119 119 119 119 119 119 119 119 39 119 119 119 242 242 140 140 118 140 
140 140 242 242 119 119 119 39 119 119 119 119 119 119 119 119 119 119 119 119 119 119 307 123 124 125 307 119 119 119 119 119 119 119 119 119 119 119 119 119 43 37 32 119 119 242 140 140 134 118 
140 140 242 119 119 119 119 39 119 119 119 119 188 189 190 190 190 190 190 190 190 190 191 126 127 128 188 189 189 189 189 189 189 189 189 189 189 190 191 119 119 119 39 119 119 242 242 140 140 140 
140 140 119 119 119 119 119 39 119 119 119 119 188 330 117 117 117 117 117 117 117 117 117 146 147 148 117 117 117 117 117 117 117 117 117 158 117 328 191 119 119 119 39 119 119 119 242 140 140 140 
140 242 119 119 119 119 119 39 119 119 119 119 188 117 117 117 117 117 117 158 158 158 158 113 113 113 158 158 158 117 117 117 158 117 117 117 117 117 191 119 119 119 39 119 119 119 242 242 140 140 
140 242 119 119 119 119 119 39 119 119 119 119 188 117 158 117 117 117 117 117 117 117 117 117 117 159 117 117 158 117 117 158 117 117 117 117 117 117 191 119 119 119 39 119 119 119 119 242 140 140 
140 242 119 119 119 119 119 39 119 119 119 119 188 117 117 117 117 158 117 117 117 117 158 117 117 117 158 117 117 117 117 117 117 117 117 158 117 117 191 119 119 119 39 119 119 119 119 242 140 140 
140 242 242 119 119 119 119 39 119 119 119 119 188 117 117 117 158 117 117 158 158 117 158 158 117 117 117 117 117 117 117 117 117 117 117 117 117 117 191 119 119 119 39 119 119 119 119 242 140 140 
140 140 242 242 119 119 119 39 119 119 119 119 188 117 117 117 158 158 117 117 117 117 117 117 117 117 117 158 117 117 117 117 158 158 117 158 117 117 191 191 119 119 39 119 119 119 119 140 140 140 
140 140 242 119 119 119 119 39 119 119 119 119 188 117 117 117 117 117 117 117 117 117 117 117 117 117 117 158 117 117 158 117 117 117 117 117 117 117 117 191 119 119 39 119 119 119 119 140 140 140 
140 242 242 119 119 119 254 39 254 119 119 119 188 117 117 117 117 117 117 117 117 117 117 117 117 117 117 117 117 158 158 117 117 117 117 158 117 117 117 191 119 253 39 253 119 119 119 242 140 140 
140 242 119 119 119 119 138 39 138 119 119 188 188 117 158 158 158 158 117 158 117 117 117 158 117 117 117 117 117 117 158 117 158 117 117 117 117 117 117 191 119 126 127 128 119 119 119 242 140 140 
140 242 119 119 119 118 118 118 118 118 119 188 117 117 117 117 117 117 117 117 117 117 117 117 117 117 117 158 117 117 117 117 158 158 117 117 117 117 117 191 145 146 147 148 149 119 242 140 140 140 
140 242 119 119 149 150 150 159 151 159 151 188 188 117 117 117 117 117 117 117 117 117 117 117 158 117 117 117 117 117 117 117 117 117 117 117 117 117 117 191 104 104 104 104 104 119 242 242 140 140 
140 242 119 119 19 19 19 19 19 19 19 119 188 117 158 117 117 158 117 117 117 158 117 117 117 117 117 117 117 117 117 117 117 117 158 158 117 117 117 191 104 104 104 104 104 104 119 242 140 140 
140 242 119 119 17 17 17 17 17 17 17 119 188 117 117 117 117 117 117 117 117 117 117 117 117 117 117 158 117 117 117 158 117 117 117 117 158 117 117 191 104 104 104 104 104 104 119 242 140 140 
140 242 119 119 159 159 159 299 159 159 159 119 188 117 117 117 117 158 117 117 117 117 158 117 117 117 117 117 117 117 117 117 117 158 117 117 117 117 117 191 104 104 104 104 104 104 119 242 140 140 
140 242 119 119 160 161 161 161 161 162 163 119 188 117 117 117 117 158 117 117 117 117 117 117 117 117 117 117 117 158 117 117 117 117 117 117 117 117 117 191 104 104 104 104 104 104 119 242 140 140 
140 242 119 119 119 119 254 39 254 119 119 188 188 117 117 158 117 117 117 117 117 158 117 117 117 117 117 117 117 138 117 117 117 117 117 117 117 117 191 191 104 104 104 128 104 128 119 242 140 140 
140 242 119 119 119 119 119 39 119 119 119 188 188 117 117 117 117 117 117 117 117 117 117 138 117 117 117 117 117 117 117 158 158 158 117 117 117 117 191 113 106 106 329 106 106 106 119 242 140 140 
140 242 119 119 119 119 119 39 119 119 119 119 188 117 117 117 158 117 117 117 158 117 117 117 117 117 117 158 117 117 117 117 117 117 158 117 117 117 191 191 104 101 101 102 103 104 119 242 140 140 
140 242 119 119 119 119 119 39 119 119 119 119 188 117 117 117 117 117 117 117 117 138 117 117 158 117 117 117 117 117 117 117 117 117 158 117 117 117 117 191 119 253 39 253 119 119 119 242 140 140 
140 242 119 119 119 119 119 39 119 119 119 119 188 117 117 117 158 117 117 158 117 117 117 117 117 117 117 117 117 117 158 117 117 117 117 117 117 117 117 191 119 119 39 119 119 119 242 140 140 140 
140 242 119 119 119 119 119 39 119 119 119 119 188 117 117 117 117 117 117 117 117 158 117 117 255 117 117 255 138 117 117 117 117 117 117 117 117 117 117 191 119 119 39 119 119 119 242 140 140 140 
140 242 119 119 119 119 119 39 119 119 119 119 188 117 117 117 158 117 138 117 117 117 117 117 328 204 205 330 117 117 117 117 138 117 158 117 117 117 117 191 191 119 39 119 119 119 242 242 140 140 
140 242 119 119 119 119 119 39 119 119 119 119 188 330 117 117 117 117 117 117 138 117 117 117 328 206 207 330 117 117 138 117 117 117 158 117 117 117 117 328 191 119 39 119 119 119 119 242 140 140 
140 242 242 119 119 119 119 43 37 32 119 119 188 189 189 189 189 189 189 189 189 189 189 189 189 189 189 189 189 189 189 189 189 189 189 189 189 189 191 190 191 119 39 119 119 119 119 242 140 140 
140 140 242 119 119 119 119 119 119 39 119 119 119 119 169 119 119 169 119 119 119 119 119 119 119 119 169 119 119 119 119 169 119 119 119 119 119 119 119 119 119 119 39 119 119 119 242 242 140 140 
140 140 242 242 242 119 119 119 119 39 119 119 119 119 119 169 169 169 169 119 169 119 119 119 169 119 169 119 119 169 169 169 169 119 119 169 119 119 119 34 36 37 45 119 119 242 242 140 140 140 
134 140 140 140 242 119 119 119 119 39 119 119 119 119 119 169 119 169 78 169 78 78 78 169 136 169 169 136 136 136 169 78 169 78 169 141 119 119 119 39 119 119 119 119 242 242 140 140 140 140 
140 134 140 140 242 242 242 242 119 43 37 37 37 37 37 37 37 37 78 78 78 78 21 22 136 169 78 169 136 136 78 169 78 78 37 37 37 37 37 45 119 119 119 242 242 140 140 140 140 118 
140 140 118 140 140 140 140 242 119 119 119 119 119 119 119 169 119 169 169 254 169 78 78 254 169 136 136 254 78 28 28 254 28 141 141 119 141 119 119 119 119 242 242 242 140 140 140 140 118 140 
118 118 140 140 118 140 140 242 242 119 119 119 119 119 119 119 169 169 300 301 302 136 320 321 322 136 317 318 319 136 314 315 316 28 141 141 119 119 119 119 242 242 140 140 140 118 118 140 140 140 
140 140 140 140 118 140 140 140 242 242 242 169 119 141 119 119 169 169 323 324 325 169 343 344 345 178 340 341 342 78 337 338 339 78 141 164 119 141 119 119 242 140 140 140 134 140 140 140 118 140 
140 140 118 118 140 140 140 140 140 140 242 119 119 119 169 169 169 119 169 254 78 179 174 254 137 137 78 254 179 136 136 254 169 164 119 169 141 119 119 242 242 140 140 118 140 118 140 140 140 140 
140 118 140 140 140 140 118 140 134 140 242 242 242 119 119 169 119 119 136 78 136 78 174 136 174 136 174 136 174 174 78 169 169 169 169 169 242 242 242 242 140 140 140 118 140 140 140 140 134 140 
118 140 140 140 140 140 140 134 118 140 140 140 242 119 119 119 169 119 136 78 136 78 216 55 164 136 174 179 136 164 169 216 78 169 119 242 242 140 140 140 140 140 134 140 139 134 140 118 140 140 
140 140 118 140 140 140 118 140 140 140 118 140 242 242 119 119 119 119 136 78 136 136 217 165 165 165 165 165 165 165 165 217 136 136 242 242 140 140 140 140 140 140 117 117 117 140 140 140 140 140 
140 118 134 118 140 140 118 118 140 118 140 118 140 188 189 190 190 190 190 190 190 190 191 142 142 142 142 142 142 142 142 188 189 191 140 140 140 140 134 139 139 140 140 140 140 140 134 139 140 117 
140 140 140 140 140 118 140 140 140 140 134 140 140 134 140 140 140 140 140 140 140 253 191 141 141 141 141 141 141 141 141 188 253 140 140 140 140 140 140 140 140 117 134 140 140 117 140 140 140 117 
