0 0 0 0 153 119 119 67 119 119 119 67 119 119 153 119 119 153 119 119 119 119 119 153 119 119 119 119 119 119 119 119 119 119 119 119 119 119 119 119 119 119 119 119 119 119 119 119 119 119 
0 0 0 0 119 154 119 119 119 153 119 119 119 119 119 119 119 119 119 119 119 119 119 119 119 119 119 119 119 119 119 119 119 119 119 119 119 119 119 119 119 119 119 119 253 119 119 119 119 119 
0 0 0 0 36 37 37 37 37 37 37 37 37 37 37 37 37 37 37 37 37 37 37 37 37 37 37 37 37 37 37 37 44 37 37 37 37 37 44 37 37 37 36 32 119 119 119 119 119 119 
0 0 0 0 137 119 154 119 67 119 119 119 119 153 119 119 119 119 119 153 119 119 119 119 119 119 119 119 119 119 119 119 119 119 119 119 119 119 119 119 119 119 119 39 119 119 119 119 119 119 
0 0 0 0 136 212 213 212 213 212 213 212 213 212 213 212 213 212 213 212 213 212 213 212 213 212 213 212 213 212 213 212 213 212 213 212 213 212 213 212 213 212 213 39 119 119 119 119 119 119 
258 258 258 258 254 214 215 214 215 214 215 214 215 214 215 214 215 214 215 214 215 214 215 214 215 214 215 214 215 214 215 214 215 214 215 214 215 214 215 214 215 214 215 39 119 119 119 119 119 119 
251 251 251 251 251 119 119 119 119 119 119 119 119 119 119 119 119 119 119 119 119 119 119 119 119 119 119 119 119 119 119 119 119 119 119 119 119 119 119 119 119 119 119 39 119 119 119 119 119 119 
252 252 252 252 252 119 35 36 37 37 37 37 44 37 37 37 37 37 37 37 37 37 37 37 37 44 37 37 37 37 37 37 37 37 37 37 37 37 37 37 37 37 44 45 119 119 119 119 119 119 
251 251 251 251 251 119 39 253 119 119 119 119 119 119 119 119 119 119 119 119 119 119 119 119 119 119 119 119 119 119 119 119 119 119 119 119 119 119 119 119 119 119 119 119 253 119 119 119 119 119 
250 250 250 250 250 119 39 119 119 119 119 119 119 119 119 119 119 119 119 119 119 119 119 119 119 119 119 119 119 119 119 119 119 119 119 119 119 119 119 119 119 119 119 119 119 119 119 119 119 119 
248 248 248 248 248 119 39 119 204 205 204 205 204 205 204 205 204 205 204 205 204 205 204 205 204 205 204 205 204 205 204 205 204 205 204 205 204 205 208 209 204 205 208 209 204 205 208 209 208 209 
247 247 247 247 247 119 39 119 210 211 210 211 210 211 210 211 206 207 206 207 210 211 206 207 210 211 206 207 210 211 206 207 210 211 206 207 206 207 210 211 206 207 210 211 206 207 210 211 210 211 
252 252 252 252 252 119 39 119 119 119 119 119 119 119 119 119 119 119 119 119 119 119 119 119 119 119 119 119 119 119 119 119 119 119 119 119 119 119 119 119 119 119 119 119 119 119 119 119 119 119 
251 251 251 251 251 119 39 253 119 119 119 119 119 119 119 119 119 119 119 119 119 119 119 119 119 119 119 119 119 119 119 119 119 119 119 119 119 119 119 119 119 253 119 119 119 119 119 119 119 119 
250 250 250 250 250 119 43 36 37 37 37 37 44 37 37 37 37 37 37 37 37 37 37 44 37 37 37 37 37 37 37 44 37 37 37 37 37 37 37 36 32 119 119 119 119 119 119 119 119 119 
248 248 248 248 248 119 119 119 119 119 119 119 119 119 119 119 119 119 119 119 119 119 119 119 119 119 119 119 119 119 119 119 119 119 119 119 119 119 119 119 39 119 119 119 119 119 119 119 119 119 
247 247 247 247 247 119 119 119 119 119 119 119 119 119 119 119 119 119 119 119 119 119 119 119 119 119 119 119 119 119 119 119 119 119 119 119 119 119 119 119 39 119 119 119 119 119 119 119 119 119 
80 81 81 80 81 81 80 81 81 83 81 81 81 80 81 81 81 80 81 61 81 61 81 61 81 81 83 81 81 81 81 81 81 81 81 82 81 82 81 80 39 82 80 81 80 82 80 80 82 80 
81 81 80 81 80 81 81 81 83 81 81 81 83 81 81 80 81 81 61 81 61 81 81 61 81 61 81 83 81 81 81 83 81 81 82 81 81 81 81 82 39 81 81 80 80 80 82 80 80 80 
80 81 80 81 81 80 81 83 81 81 83 81 81 80 80 81 80 81 81 61 81 61 81 81 83 81 81 81 83 81 83 81 81 81 82 81 82 82 253 153 153 153 253 80 80 82 80 80 82 83 
188 189 190 190 190 190 190 190 190 190 190 190 190 190 190 190 190 190 190 190 190 190 190 190 190 190 190 190 190 190 190 190 190 190 190 190 190 190 191 153 155 153 188 189 190 190 190 190 190 190 
251 0 0 0 0 0 0 0 0 0 0 0 0 0 0 0 0 0 0 0 0 0 0 0 0 0 0 0 0 0 0 0 0 0 0 0 0 0 254 153 153 153 254 0 0 0 0 0 0 251 
251 0 0 0 0 0 0 0 0 0 0 0 0 0 0 0 0 0 0 0 0 0 0 0 0 0 0 0 0 0 0 0 0 0 0 0 0 0 0 0 0 0 0 0 0 0 0 0 0 251 
251 0 0 0 0 0 0 0 0 0 0 0 0 0 0 0 0 0 0 0 0 0 0 0 0 0 0 0 0 0 0 0 0 0 0 0 0 0 0 0 0 0 0 0 0 0 0 0 0 251 
251 0 0 0 0 0 0 0 0 0 0 0 0 0 0 0 0 0 0 0 0 0 0 0 0 0 0 0 0 0 0 0 0 0 0 0 0 0 0 0 0 0 0 0 0 0 0 0 0 251 
251 0 0 0 0 0 0 0 0 0 0 0 0 0 0 0 0 0 0 0 0 0 0 0 0 0 0 0 0 0 0 0 0 0 0 0 0 0 0 0 0 0 0 0 0 0 0 0 0 251 
251 0 0 0 0 0 0 0 0 0 0 0 0 0 0 0 0 0 0 0 0 0 0 0 0 0 0 0 0 0 0 0 0 0 0 0 0 0 0 0 0 0 0 0 0 0 0 0 0 251 
251 0 0 0 0 0 0 0 0 0 0 0 0 0 0 0 0 0 0 0 0 0 0 0 0 0 0 0 0 0 0 0 0 0 0 0 0 0 0 0 0 0 0 0 0 0 0 0 0 251 
251 0 0 0 0 0 0 0 0 0 0 0 0 0 0 0 0 0 0 0 0 0 0 0 0 0 0 0 0 0 0 0 0 0 0 0 0 0 0 0 0 0 0 0 0 0 0 0 0 0 
251 0 0 0 0 0 0 0 0 0 0 0 0 0 0 0 0 0 0 0 0 0 0 0 0 0 0 0 0 0 0 0 0 0 0 0 0 0 0 0 0 0 0 0 0 0 0 0 0 251 
251 0 0 0 0 0 0 0 0 0 0 0 0 0 0 0 0 0 0 0 0 0 0 0 0 0 0 0 0 0 0 0 0 0 0 0 0 0 0 0 0 0 0 0 0 0 0 0 0 251 
251 0 0 0 0 0 0 0 0 0 0 0 0 0 0 0 0 0 0 0 0 0 0 0 0 0 0 0 0 0 0 0 0 0 0 0 0 0 0 0 0 0 0 0 0 0 0 0 0 251 
251 0 0 0 0 0 0 0 0 0 0 0 0 0 0 0 0 0 0 0 0 0 0 0 0 0 0 0 0 0 0 0 0 0 0 0 0 0 0 0 0 0 0 0 0 0 0 0 0 251 
251 0 0 0 0 0 16 0 0 0 0 0 0 0 0 0 0 0 0 0 0 0 0 0 0 0 0 0 0 0 0 0 0 0 0 0 0 0 0 0 0 0 0 0 0 0 0 0 0 251 
251 0 0 0 0 16 0 0 0 0 0 0 0 0 0 0 0 0 0 0 0 0 0 0 0 0 0 0 0 0 0 0 0 0 0 0 0 0 0 0 0 0 0 0 0 0 0 0 0 251 
251 0 0 0 0 0 0 0 0 0 16 0 0 0 0 0 0 0 0 0 0 0 0 0 0 0 0 0 0 0 0 0 0 0 0 0 0 0 0 0 0 0 0 0 0 0 0 0 0 251 
251 0 0 0 16 0 0 0 0 0 0 0 0 0 0 0 0 0 0 0 0 0 0 0 0 0 0 0 0 0 0 0 0 0 0 0 0 0 0 0 0 0 0 0 0 0 0 0 0 251 
251 0 0 0 0 0 96 0 0 0 0 0 0 0 0 0 0 0 0 0 0 0 0 0 0 0 0 0 0 0 0 0 0 0 0 0 0 0 0 0 0 0 0 0 0 0 0 0 0 251 
251 0 0 17 0 0 0 0 0 0 0 16 0 0 0 0 0 0 0 0 0 0 0 0 0 0 0 0 0 0 0 0 0 0 0 0 0 0 0 0 0 0 0 0 0 0 0 0 0 251 
251 0 0 0 0 0 16 0 0 0 0 0 0 0 0 0 0 0 0 0 0 0 0 0 0 0 0 0 0 0 0 0 0 0 0 0 0 0 0 0 0 0 0 0 0 0 0 0 0 251 
251 12 16 0 96 0 0 0 0 0 0 96 0 0 0 0 0 0 0 0 0 0 0 0 0 0 0 0 0 0 0 0 0 0 0 0 0 0 0 0 0 0 0 0 0 0 0 0 0 251 
251 0 0 0 96 0 12 96 13 0 0 13 0 0 0 0 0 0 0 0 0 0 0 0 0 0 0 0 0 0 0 0 0 0 0 0 0 0 0 0 0 0 0 0 0 0 0 0 0 251 
251 0 0 0 18 0 0 18 0 0 0 0 0 0 0 0 0 0 0 0 0 0 0 0 0 0 0 0 0 0 0 0 0 0 0 0 0 0 0 0 0 0 0 0 0 0 0 0 0 251 
251 12 13 18 0 16 0 0 0 18 18 0 0 19 14 0 0 0 0 0 0 0 0 0 0 0 0 0 0 0 0 0 0 0 0 0 0 0 0 0 0 0 0 0 0 0 0 0 0 251 
251 0 12 13 13 18 96 0 17 0 0 14 14 0 0 0 0 0 0 0 0 0 0 0 0 0 0 0 0 0 0 0 0 0 0 0 0 0 0 0 0 0 0 0 0 0 0 0 0 251 
251 295 296 14 13 13 14 0 0 96 13 96 14 0 0 0 0 0 0 0 0 0 0 0 0 0 0 0 0 0 0 0 0 0 0 0 0 0 0 0 0 0 0 0 0 0 0 0 0 251 
251 310 311 253 254 253 254 14 0 0 12 0 13 0 0 0 0 0 0 0 0 0 0 0 0 0 0 0 0 0 0 0 0 0 0 0 0 0 0 0 0 0 0 0 0 0 0 0 0 251 
126 127 128 10 11 7 8 14 17 18 12 0 0 0 0 0 0 0 0 0 0 0 0 0 0 0 0 0 0 0 0 0 0 0 0 0 0 0 0 0 0 0 0 0 0 0 0 0 0 251 
146 147 148 7 8 7 8 13 16 16 0 19 0 19 0 0 0 0 0 0 0 0 0 0 0 0 0 0 0 0 0 0 0 0 0 0 0 0 0 0 0 0 0 0 0 0 0 0 0 251 
251 251 251 251 251 251 251 251 251 251 251 251 251 251 251 251 251 251 251 251 251 251 251 251 251 251 251 251 251 251 251 251 251 251 251 251 251 251 251 251 251 251 251 251 251 251 251 251 251 251 
