49 85 82 85 85 49 49 49 24 24 24 48 24 48 24 24 24 24 73 24 24 24 24 24 24 49 24 74 24 24 24 57 24 24 24 24 24 30 29 24 24 57 24 24 24 24 24 24 67 24 
27 220 221 221 222 85 85 24 48 48 90 83 83 24 24 24 48 24 24 95 24 27 24 43 49 27 46 24 46 46 24 24 24 57 24 30 57 28 57 24 51 50 50 57 24 67 24 24 67 24 
90 0 0 0 0 82 83 85 24 49 24 24 24 90 48 24 95 24 73 24 24 27 43 49 47 46 27 24 46 74 50 46 50 50 24 24 24 24 28 24 24 50 24 24 24 24 67 67 24 24 
42 0 0 0 0 82 24 83 83 24 24 90 24 74 24 24 24 73 24 24 27 27 27 24 27 43 43 46 24 50 50 46 46 24 24 57 24 57 24 24 50 24 24 57 143 144 145 67 67 70 
43 0 0 0 0 120 111 120 111 120 111 120 111 120 111 120 111 120 111 120 111 120 111 118 118 111 106 118 118 118 118 118 118 118 118 118 118 118 118 118 118 118 118 175 170 171 172 24 70 70 
46 0 0 0 0 24 24 68 24 24 24 24 24 24 69 24 24 24 24 24 24 24 52 24 2 3 4 242 243 244 68 61 61 50 24 24 24 62 24 24 24 61 61 24 14 15 16 67 70 24 
66 0 0 0 0 56 47 24 56 24 24 47 47 24 69 24 47 47 24 56 56 24 56 52 5 6 6 68 68 50 50 50 61 235 237 238 62 62 42 24 61 61 24 24 61 24 24 57 67 70 
68 230 231 231 230 56 24 56 47 24 68 69 47 47 24 24 24 47 24 56 24 56 56 318 7 8 9 318 70 70 68 68 70 61 62 24 42 204 62 44 24 57 24 24 57 24 57 67 70 70 
71 72 97 56 24 56 261 262 262 262 262 262 262 262 262 262 262 262 262 262 262 262 262 263 260 115 257 316 261 262 262 262 262 262 262 262 262 262 262 262 262 262 262 262 262 262 262 262 262 262 
259 259 259 259 259 259 260 24 24 24 24 24 74 47 47 24 24 24 24 24 24 24 24 24 260 115 257 24 340 273 274 24 24 24 164 24 57 24 24 57 24 24 57 71 72 24 24 24 24 24 
47 24 68 47 47 68 47 68 24 47 24 17 24 47 24 24 17 24 17 24 24 17 17 24 260 115 257 24 24 275 276 24 24 24 164 149 164 149 149 24 24 24 24 24 24 24 71 201 202 24 
24 47 68 47 47 24 24 47 47 47 24 68 24 17 24 17 24 24 17 24 24 24 24 24 260 115 257 24 24 24 24 164 164 24 24 149 24 24 164 149 149 164 24 24 47 24 24 218 219 24 
24 68 47 68 24 24 68 47 24 24 24 24 24 24 17 24 24 24 24 17 24 17 24 24 260 115 257 24 24 24 24 164 133 133 24 24 24 147 24 147 24 164 24 24 24 24 24 24 24 24 
24 24 24 47 24 24 24 110 111 112 112 112 106 106 106 106 106 106 107 24 17 17 17 17 260 115 257 24 47 24 164 164 133 133 133 133 133 133 133 147 147 149 24 24 24 24 47 24 51 51 
24 24 24 24 24 24 17 115 255 255 255 255 255 255 255 255 255 255 115 24 24 24 24 24 260 115 257 24 24 24 164 24 24 139 133 133 24 24 133 147 24 149 164 164 24 24 47 24 24 24 
17 24 24 24 24 24 24 115 247 220 221 222 24 223 224 226 24 256 115 24 17 24 17 24 260 115 257 47 24 24 24 164 24 47 47 139 133 133 147 147 24 24 24 24 24 24 24 24 24 24 
24 24 24 17 24 24 17 115 247 245 246 248 24 249 250 251 24 256 115 24 24 24 24 24 260 115 257 24 24 155 24 24 47 47 139 139 133 147 147 24 24 268 270 24 149 24 24 24 24 24 
24 17 24 24 24 24 24 115 247 24 24 24 24 24 24 24 24 256 115 24 24 24 17 24 260 115 257 24 24 126 24 164 24 139 139 139 24 147 24 24 24 271 272 24 24 51 24 24 24 24 
17 24 24 17 24 17 24 115 247 227 228 229 24 223 224 226 24 256 115 24 17 24 24 24 260 115 257 24 238 115 24 24 24 24 47 47 24 24 24 24 76 24 24 235 24 24 24 237 51 24 
24 24 24 24 17 24 24 115 247 252 253 254 24 249 250 251 24 256 115 24 24 24 24 24 260 115 257 24 258 115 24 24 24 24 76 24 47 24 24 259 259 259 259 259 247 47 256 259 259 259 
24 24 17 17 24 24 24 115 247 247 24 24 24 24 24 24 24 256 115 24 24 24 150 24 260 115 257 24 260 115 204 259 259 259 259 259 259 259 259 259 34 24 24 24 47 115 24 24 24 24 
24 24 24 24 24 24 115 115 247 247 24 150 24 24 24 24 24 256 115 24 150 150 24 24 260 115 257 24 260 115 257 52 24 24 24 24 52 24 24 24 24 24 24 47 24 115 51 150 24 47 
17 24 17 17 17 24 24 115 247 247 24 150 150 150 24 17 24 256 115 24 150 24 24 24 260 115 257 24 260 115 257 24 24 24 24 52 24 24 24 76 24 150 150 24 24 115 47 150 24 24 
24 24 24 24 24 24 17 115 247 24 24 24 24 24 24 24 24 256 115 150 150 24 150 150 260 115 257 277 260 115 257 47 24 47 24 24 150 24 24 24 24 24 24 24 24 115 24 24 24 24 
24 24 24 17 24 24 24 115 247 24 150 24 17 24 150 24 256 256 115 150 150 150 150 24 260 115 257 278 260 115 257 24 24 24 24 24 17 24 24 150 150 24 150 150 24 115 24 24 150 150 
17 24 24 17 17 17 24 115 247 24 150 24 24 17 24 24 256 256 115 24 150 24 24 24 260 115 257 259 260 115 257 24 24 17 24 24 24 24 17 150 24 17 24 150 150 115 150 150 150 24 
24 24 17 24 24 17 24 115 247 24 150 150 24 24 24 24 256 256 115 24 24 24 24 24 260 119 112 120 120 121 257 24 150 150 24 150 150 150 24 150 24 24 24 24 24 115 24 150 24 24 
24 24 24 24 24 24 24 115 247 24 24 150 150 150 24 24 256 256 115 24 24 150 24 24 318 259 259 259 259 259 204 24 24 24 150 17 24 150 150 24 150 150 150 150 24 115 24 150 150 24 
24 17 17 24 24 17 24 115 247 24 24 150 150 150 24 24 256 256 115 24 150 150 150 24 24 24 24 24 24 24 24 17 24 150 24 17 17 150 150 24 24 150 150 24 24 115 24 24 150 24 
24 24 24 24 17 24 24 115 247 24 150 24 150 24 150 24 24 256 115 24 24 17 24 150 24 150 150 24 24 150 150 150 17 17 24 24 150 24 24 150 150 17 24 24 24 115 24 150 24 24 
24 17 24 24 24 24 17 115 247 24 24 24 150 24 24 150 24 256 115 24 17 24 24 24 24 150 150 150 24 150 24 24 150 24 150 24 24 24 17 150 150 150 24 326 327 115 24 150 150 24 
24 24 24 17 24 24 24 115 247 24 24 150 150 150 24 24 24 256 115 24 24 150 24 24 150 150 24 24 24 24 24 150 24 24 24 24 24 24 24 24 24 24 24 336 337 115 24 24 150 24 
17 24 24 24 24 24 24 115 247 24 24 24 150 150 24 24 24 318 122 120 120 120 120 120 120 120 120 120 120 120 120 120 120 120 120 120 120 120 120 120 120 120 120 120 120 121 24 24 24 24 
24 24 24 17 17 24 24 115 247 24 150 150 150 150 150 24 24 255 255 255 255 255 255 255 255 255 255 255 255 255 255 255 255 255 255 255 255 255 255 255 255 255 255 255 255 255 255 239 237 238 
24 17 24 24 17 24 24 115 247 24 150 150 150 150 150 24 150 24 175 24 175 24 24 24 24 175 24 24 175 24 24 24 175 24 175 24 175 24 24 24 24 24 175 24 24 24 175 24 24 24 
24 24 24 24 17 24 24 115 247 24 24 24 150 24 150 24 24 175 24 24 175 24 24 175 24 24 175 24 24 24 24 175 24 175 24 24 24 175 24 262 262 24 24 175 24 24 150 175 150 24 
24 24 24 24 17 24 24 115 204 262 262 262 262 262 262 262 262 262 262 262 262 262 262 262 262 262 262 262 262 262 262 262 262 262 262 262 262 262 262 262 262 262 262 262 262 262 204 24 150 24 
24 24 17 24 24 17 24 119 127 127 127 127 127 127 127 127 127 127 127 127 127 127 127 127 127 127 127 127 127 127 127 127 127 127 127 127 127 127 127 127 127 127 127 127 129 108 257 175 150 24 
24 17 24 17 24 24 24 24 17 24 24 24 24 24 24 24 24 24 24 24 24 175 24 24 24 24 24 24 24 24 24 17 24 24 24 24 24 24 24 24 24 24 24 24 319 115 257 24 150 150 
24 24 17 24 24 17 24 24 24 24 24 17 24 24 17 24 24 17 24 175 24 24 175 24 24 24 24 24 24 24 24 24 24 17 24 24 24 17 24 24 24 17 17 24 260 115 257 24 150 24 
17 24 24 24 24 24 24 24 24 17 24 24 24 24 24 24 24 24 24 175 24 24 24 24 24 24 24 24 17 24 24 17 24 24 24 24 24 24 24 24 17 24 24 24 260 115 257 24 24 24 
311 311 311 311 311 311 311 311 311 311 311 311 311 312 312 311 311 311 311 311 311 311 311 311 311 311 311 311 311 311 311 311 311 311 311 311 311 311 311 311 311 311 311 311 311 115 257 150 24 24 
312 312 312 312 312 312 312 312 312 312 312 312 312 312 312 312 312 312 312 312 312 312 312 312 312 312 312 312 312 312 312 312 312 312 312 312 312 312 312 312 312 312 312 312 312 115 257 150 24 24 
230 231 231 231 231 231 231 232 24 24 24 109 127 127 127 127 127 127 127 127 127 127 127 127 127 127 127 127 127 127 127 127 127 127 127 127 127 127 127 127 127 127 127 127 120 121 257 24 150 150 
0 0 0 0 0 0 0 232 59 59 59 115 332 24 79 24 24 24 43 24 24 24 24 24 79 24 24 24 24 24 24 24 24 24 24 24 24 24 24 24 24 24 24 24 43 24 257 24 24 24 
0 0 0 0 0 0 0 232 319 35 35 115 340 24 24 79 24 24 24 24 130 131 132 24 24 43 43 43 159 24 43 43 43 24 42 24 24 43 24 77 24 24 79 24 24 24 257 24 150 24 
124 0 279 281 282 0 0 2 3 17 37 121 24 24 24 24 24 175 150 151 152 132 132 43 24 24 43 26 159 24 24 24 24 42 42 43 24 43 24 24 77 24 24 24 79 43 257 24 24 24 
124 0 283 284 285 0 0 1 17 36 37 24 175 175 175 24 175 24 24 175 24 24 24 24 157 157 159 26 24 24 24 42 43 24 24 42 24 24 24 79 79 77 43 24 24 24 257 24 24 24 
124 0 286 287 288 0 0 232 319 59 35 79 24 24 175 24 175 150 24 24 157 157 43 132 24 43 43 26 24 43 24 43 43 43 43 24 77 43 79 43 24 79 43 24 24 79 257 342 343 344 
0 0 0 0 0 0 0 232 79 79 79 24 175 24 24 24 79 24 151 152 24 24 157 157 157 24 43 24 24 159 24 24 42 42 24 24 77 77 24 43 24 24 77 24 24 77 257 187 188 189 
